2
1 2
1
1 2


4
2 4
2 3
4 1
12
2 4
2 3
2 1
4 2
4 3
4 1
3 2
3 4
3 1
1 2
1 4
1 3


5
4 3
3 1
1 5
5 2
20
4 3
4 1
4 5
4 2
3 4
3 1
3 5
3 2
1 4
1 3
1 5
1 2
5 4
5 3
5 1
5 2
2 4
2 3
2 1
2 5


6
3 5
5 6
6 4
4 1
6 2
30
3 5
3 6
3 4
3 1
3 2
5 3
5 6
5 4
5 1
5 2
6 3
6 5
6 4
6 1
6 2
4 3
4 5
4 6
4 1
4 2
1 3
1 5
1 6
1 4
1 2
2 3
2 5
2 6
2 4
2 1


27
7 9
7 26
26 11
7 16
16 10
11 1
10 27
11 13
7 8
27 24
7 4
24 19
13 21
11 14
1 20
13 15
15 17
11 18
8 5
26 23
16 3
20 12
21 6
17 25
25 2
16 22
1
7 14

3
2 3
3 1
3
2 1
2 3
3 1

4
4 1
1 3
3 2
12
4 1
4 3
4 2
1 4
1 3
1 2
3 4
3 1
3 2
2 4
2 1
2 3


4
4 2
2 3
3 1
12
4 2
4 3
4 1
2 4
2 3
2 1
3 4
3 2
3 1
1 4
1 2
1 3


6
1 4
1 2
2 3
2 5
5 6
6
2 4
1 2
3 4
1 4
1 3
1 5
