20
906 178
907 201
909 237
911 151
914 155
917 177
920 189
922 174
925 125
928 45
929 74
930 82
931 125
932 187
935 275
937 310
940 399
943 438
945 379
948 10000000


20
-991 -918
-989 -916
-988 -916
-986 -914
-984 -915
-983 -917
-982 -915
-981 -917
-980 -916
-979 -918
-977 -916
-975 -914
-973 -914
-971 -913
-969 -913
-967 -913
-964 -913
-962 -914
-959 -915
-957 10000000

20
-939 425
-938 426
-935 425
-933 426
-932 425
-930 424
-927 425
-924 425
-921 426
-918 427
-915 428
-913 428
-910 427
-907 426
-905 426
-902 425
-901 426
-899 425
-896 426
-894 10000000

5
0 0
3 0
5 2
2 4
-1 2

5
0 0
1 0
1 1
0 1
-2 -1

4
0 0
1 0
0 1
-1 0

4
0 0
0 1
1 1
1 0

5
0 0
2 0
2 2
0 2
1 1

