200
5249 6807
73
58
130
72
144
78
123
109
40
165
92
42
187
103
127
129
40
12
103
169
109
157
160
133
99
78
16
135
97
26
112
67
10
33
179
149
179
21
167
72
193
136
85
145
28
91
194
157
1
153
108
144
68
90
124
196
130
103
122
66
149
24
1
53
177
8
28
133
98
181
35
13
65
14
63
136
25
69
115
94
29
101
117
195
105
4
51
98
188
123
105
82
152
166
116
137
38
144
101
97
71
28
137
158
177
197
94
104
9
31
145
175
35
98
142
199
168
12
60
157
194
8
195
168
113
130
6
162
142
165
82
52
167
21
95
112
71
101
190
31
138
57
16
190
40
79
135
6
172
98
95
119
54
23
89
160
105
126
123
106
13
170
38
94
20
44
166
134
26
194
163
138
44
190
150
159
23
147
185
17
72
139
47
185
96
85
23
20
144
168
135
115
25
134
42
11
79
152
44
95
